-81574 -22082 12822 314441 -195951 81011 -123463 -222380 -20441 26263
-44277 229049 -174273 -75494 -56915 -61661 6420 -213839 217145 63617
-148779 -128513 -62628 30545 304059 325567 -976 -146236 188061 262900
-125405 -197102 -244164 139088 94381 141749 -212313 286822 -51109 -10127
132317 -49921 -77729 -131218 298070 -242558 89945 240436 -161216 188861
157140 -10764 191604 138599 189312 229157 -36227 239333 105114 32166
37435 -116447 -155069 -136470 -16102 -88509 217799 -111740 245430 -202454
96502 287371 190200 -237281 20239 -15384 -79745 270328 121493 304074
166457 -167042 49778 -80999 -30372 306423 235293 -563 156690 39693
-185453 251948 249521 50720 223687 -175072 298074 -231066 -231758 -55773
-219609 58962 275248 -100561 188447 -225983 27845 -179280 108534 99680
-63215 155982 97379 57449 212341 -14250 -125501 -7887 -64236 218912
306444 117686 24083 -111392 -157357 125713 121031 147128 130139 153510
-71163 93349 52686 -126138 270818 21002 -5873 30229 -126520 118542
3888 135278 -140635 -129187 -10969 324526 -203603 -27011 -154273 -37402
-145999 -138406 86330 302726 41732 -95536 -200187 169179 -1505 -116566
320652 71067 113373 270862 147907 230029 219008 -4386 203769 187725
-142091 185985 -128261 -40625 118453 273680 -237138 -201749 -18280 -168367
-134466 201059 256839 -16843 -119565 -8701 -194646 169353 171307 274355
272342 83741 -184752 262203 -224116 35522 5810 259705 -130869 -214460
40530 160137 -201808 132657 186188 175437 84442 87275 141462 50669
2714 -124185 163728 114975 211180 -236709 -232386 -108375 187278 76661
-102325 -107223 -111934 -213539 -189318 -162997 243704 201529 -82043 246912
-65648 -21853 301765 -36599 -51624 76138 -133441 238464 105229 303527
-133006 -198704 88649 54524 -139981 162232 -149671 -230979 217074 -212513
113307 -63019 -16731 317102 -226255 111279 38996 -182725 19968 47239
-47493 121419 107443 223475 -146068 254332 285882 -158675 131042 -59872
145943 77697 -137265 154975 73306 -197446 226096 -122112 216893 136841
-1800 67562 -192524 28774 129132 292037 -87265 207411 198036 -226502
153430 -111508 308262 206353 251035 188568 73788 83925 279060 -193116
-174426 -237194 186830 -53973 278829 -14384 173132 258855 -149743 -211511
91869 -166325 -42944 135741 -120969 272264 -139366 -82532 61455 249123
222753 -227597 74882 36981 -212666 159956 89815 295027 -61296 65065
-63493 165505 267066 266550 161076 201529 67559 54293 33409 -189499
206324 -176817 262170 -221507 -68619 -57622 -85585 204870 174379 236007
176900 37761 234346 -4029 127844 -203755 204110 -232491 215356 -198114
-158139 111591 -17779 114168 -11486 292497 -184594 -241185 202863 160260
159222 286390 -198244 278960 -95996 -199013 258748 206472 247307 -88654
255437 -92384 -240067 -223343 221007 -84005 -225113 123878 85549 307938
-38458 -12032 -126487 -78114 138816 -72408 190123 33435 403 -25180
22540 205155 -102168 26122 -182543 180622 -212394 -55310 -70130 111806
71609 309738 234861 2657 140237 264617 164496 -115466 265326 30659
24038 -86719 -36304 206055 176397 -100089 213247 281500 248395 -54168
77134 -111844 -88689 287434 258065 108671 298039 213661 53584 -90127
241638 154781 277849 198885 196016 -218717 45735 -167181 -207170 211054
261424 296952 243420 236954 189050 244658 -119227 74549 252642 317668
257999 285714 168016 5945 -243827 -213445 -196959 173676 -206120 -215819
60016 -191737 190471 9415 -175281 59297 87160 250251 -209750 -169500
117445 -148942 -223415 21829 -58595 100513 319138 -194943 -202944 -16784
304506 219242 233673 -224890 256312 176317 247818 153710 184075 19015
323539 305631 292822 60268 -127755 -152295 -121635 138897 4542 66692
21392 152553 -29005 -196412 138801 1268 -147637 -16815 256592 -2909
193911 -66665 -151042 156102 147100 -71630 188523 299481 -64330 -80706
-61654 -47363 3375 -85752 10537 142747 -167868 -88512 137973 223752
-47054 -126234 -228859 105402 200496 252570 -221774 -22236 -120768 -214199
-144378 -220720 149340 9325 7455 159812 -31537 -230172 75760 -176689
-47471 233110 -153620 86154 -100229 -102723 -165763 -46619 263132 228258
101014 -99786 175169 87395 247407 -5720 -181237 -217433 -17919 324940
-53094 311814 -20566 -198356 312199 -113084 -97851 63130 -204070 -166149
-28851 218388 -243550 -169659 -200878 309606 51182 255868 -19435 245028
-155893 325166 299118 74154 172934 -9149 -207756 -52775 209541 -67844
-44835 -68744 204922 68191 -20380 135344 189752 -51717 -120479 -119784
213891 64950 -197525 124317 13833 84586 -109632 251833 216543 -176161
-171596 75549 69614 181625 -33091 25081 -221889 111228 -232145 -183883
38362 162683 -88417 13188 157505 109177 -44804 -29913 122086 6327
218007 -73944 -215796 146739 -103033 -177885 -55441 -92864 -207861 -106075
215753 310869 73315 -178872 -191140 186718 -234669 -210413 -206586 67113
143762 -217521 99434 54308 -209971 -191013 -40283 -23327 59289 -40093
-241670 -150120 -191773 219040 195921 289691 -176407 -190613 78875 79194
272107 41627 213837 -83892 204134 240262 14926 -66017 154876 294461
-71139 168881 -60602 95945 227048 279218 -80518 -162923 -140041 162214
299186 -121218 -42511 47172 -68426 -197361 221278 -190280 -54947 291049
-208919 152334 -200127 -71404 104383 58181 158068 -207737 -16441 165841
-204123 109425 3186 20053 6707 17684 87996 297139 -98706 -88704
-129570 -67178 95101 32976 -158712 298375 170515 -205464 -63775 320439
91195 39927 6233 105749 40269 260219 49301 -92283 -119699 289601
-233072 -223093 -168081 75464 238361 275359 308263 -39270 320286 1559
182175 244142 175833 137633 16458 -26026 125659 -71116 -130227 130316
-20671 -27676 137103 85521 40208 198976 -161986 201837 -179214 17867
275920 116275 -97686 25663 -67876 184375 200770 29008 -2555 -87006
96524 234994 153938 -7636 -107535 -200359 65182 308164 -108665 -211808
17716 296208 257126 290995 66404 -75677 291323 -60393 187792 17620
234130 149955 209749 313915 116905 245362 -198265 -116862 216251 -30024
-173596 123037 -42643 -61019 105202 229406 -50441 72186 -137441 170862
-47701 117137 249771 36280 -244824 23423 -140737 255016 -22533 -197105
-41513 42679 309880 299623 268710 149758 -73724 -39961 -69981 -94030
-53117 -69019 154258 -237915 243921 64214 164232 305040 202316 -172558
134607 258603 -20266 44368 36085 81774 -115894 242274 31489 -168512
22060 64163 277691 127233 -131695 140543 102343 49415 -160622 -187964
84645 -15413 -120798 -57017 -183253 213781 -22657 -14290 163228 246114
-134010 241514 -116399 -64572 -155945 11846 260000 113026 108929 -231476
85283 320457 -47128 64369 -199966 -46117 203817 -43818 188201 -88738
-18951 122746 219307 -205512 -26779 -19376 199932 53124 75343 -80581
10623 276232 233115 -50055 -35924 -103422 27713 246052 79958 71049
-188680 -146367 307485 -14024 119488 -157113 263311 -97231 210355 -17777
122597 -220965 -77463 -200364 180499 191779 -139592 92915 -16342 -124959
-232071 130547 -135243 78831 -157999 -124514 -27237 241160 -24903 119865
228065 -81631 -123731 251913 287051 71193 303090 302515 -187644 -64894
122558 134294 96849 -132807 20516 258851 53180 -11937 21196 89826
262611 139547 -169585 -240666 85363 217473 243641 -192502 -122503 -25288
